00000000000000000000000000001010
00000000000000000000000000010100
00000000000000000000000000011110
00000000000000000000000000101000
00000000000000000000000000110010
00000000000000000000000000111100
00000000000000000000000001000110
00000000000000000000000001010000
00000000000000000000000001011010
00000000000000000000000001100100
00000000000000000000000001101110
00000000000000000000000001111000
00000000000000000000000010000010
00000000000000000000000010001100
00000000000000000000000010010110
00000000000000000000000010100000
00000000000000000000000010101010
00000000000000000000000010110100
00000000000000000000000010111110
00000000000000000000000011001000
00000000000000000000000011010010
00000000000000000000000011011100
00000000000000000000000011100110
00000000000000000000000011110000
00000000000000000000000011111010
00000000000000000000000100000100
00000000000000000000000100001110
00000000000000000000000100011000
00000000000000000000000100100010
00000000000000000000000100101100
00000000000000000000000100110110
00000000000000000000000101000000
00000000000000000000000101001010
00000000000000000000000101010100
00000000000000000000000101011110
00000000000000000000000101101000
00000000000000000000000101110010
00000000000000000000000101111100
00000000000000000000000110000110
00000000000000000000000110010000
00000000000000000000000110100100
00000000000000000000000110011010
00000000000000000000000110111000
00000000000000000000000110101110
00000000000000000000000111000010
00000000000000000000000111001100
00000000000000000000000111010110
00000000000000000000000111100000
00000000000000000000000111101010
00000000000000000000000111110100
00000000000000000000000111111110
00000000000000000000001000001000
00000000000000000000001000010010
00000000000000000000001000011100
00000000000000000000001000100110
00000000000000000000001000110000
00000000000000000000001000111010
00000000000000000000001001001110
00000000000000000000001001011000
00000000000000000000001001100010
00000000000000000000001001100010
00000000000000000000001001101100
00000000000000000000001001110110
00000000000000000000001010000000
00000000000000000000001010001010
00000000000000000000001010001010
00000000000000000000001010011110
00000000000000000000001010101000
00000000000000000000001010110010
00000000000000000000001010111100
00000000000000000000001011000110
00000000000000000000001011010000
00000000000000000000001011011010
00000000000000000000001011100100
00000000000000000000001011101110
00000000000000000000001011111000
00000000000000000000001100000010
00000000000000000000001100001100
00000000000000000000001100010110
00000000000000000000001100100000
00000000000000000000001100101010
00000000000000000000001100110100
00000000000000000000001100111110
00000000000000000000001101001000
00000000000000000000001101010010
00000000000000000000001101011100
00000000000000000000001101100110
00000000000000000000001101110000
00000000000000000000001101111010
00000000000000000000001110000100
00000000000000000000001110001110
00000000000000000000001110011000
00000000000000000000001110100010
00000000000000000000001110101100
00000000000000000000001110110110
00000000000000000000001111000000
00000000000000000000001111001010
00000000000000000000001111010100
00000000000000000000001111011110
00000000000000000000001111101000
00000000000000000000000000001010
00000000000000000000000000010100
00000000000000000000000000011110
00000000000000000000000000101000
00000000000000000000000000110010
00000000000000000000000000111100
00000000000000000000000001000110
00000000000000000000000001010000
00000000000000000000000001011010
00000000000000000000000001100100
00000000000000000000000001101110
00000000000000000000000001111000
00000000000000000000000010000010
00000000000000000000000010001100
00000000000000000000000010010110
00000000000000000000000010100000
00000000000000000000000010101010
00000000000000000000000010110100
00000000000000000000000010111110
00000000000000000000000011001000
00000000000000000000000011010010
00000000000000000000000011011100
00000000000000000000000011100110
00000000000000000000000011110000
00000000000000000000000011111010
00000000000000000000000100000100
00000000000000000000000100001110
00000000000000000000000100011000
00000000000000000000000100100010
00000000000000000000000100101100
00000000000000000000000100110110
00000000000000000000000101000000
00000000000000000000000101001010
00000000000000000000000101010100
00000000000000000000000101011110
00000000000000000000000101101000
00000000000000000000000101110010
00000000000000000000000101111100
00000000000000000000000110000110
00000000000000000000000110010000
00000000000000000000000110100100
00000000000000000000000110011010
00000000000000000000000110111000
00000000000000000000000110101110
00000000000000000000000111000010
00000000000000000000000111001100
00000000000000000000000111010110
00000000000000000000000111100000
00000000000000000000000111101010
00000000000000000000000111110100
00000000000000000000000111111110
00000000000000000000001000001000
00000000000000000000001000010010
00000000000000000000001000011100
00000000000000000000001000100110
00000000000000000000001000110000
00000000000000000000001000111010
00000000000000000000001001001110
00000000000000000000001001011000
00000000000000000000001001100010
00000000000000000000001001100010
00000000000000000000001001101100
00000000000000000000001001110110
00000000000000000000001010000000
00000000000000000000001010001010
00000000000000000000001010001010
00000000000000000000001010011110
00000000000000000000001010101000
00000000000000000000001010110010
00000000000000000000001010111100
00000000000000000000001011000110
00000000000000000000001011010000
00000000000000000000001011011010
00000000000000000000001011100100
00000000000000000000001011101110
00000000000000000000001011111000
00000000000000000000001100000010
00000000000000000000001100001100
00000000000000000000001100010110
00000000000000000000001100100000
00000000000000000000001100101010
00000000000000000000001100110100
00000000000000000000001100111110
00000000000000000000001101001000
00000000000000000000001101010010
00000000000000000000001101011100
00000000000000000000001101100110
00000000000000000000001101110000
00000000000000000000001101111010
00000000000000000000001110000100
00000000000000000000001110001110
00000000000000000000001110011000
00000000000000000000001110100010
00000000000000000000001110101100
00000000000000000000001110110110
00000000000000000000001111000000
00000000000000000000001111001010
00000000000000000000001111010100
00000000000000000000001111011110
00000000000000000000001111101000
00000000000000000000000000001010
00000000000000000000000000010100
00000000000000000000000000011110
00000000000000000000000000101000
00000000000000000000000000110010
00000000000000000000000000111100
00000000000000000000000001000110
00000000000000000000000001010000
00000000000000000000000001011010
00000000000000000000000001100100
00000000000000000000000001101110
00000000000000000000000001111000
00000000000000000000000010000010
00000000000000000000000010001100
00000000000000000000000010010110
00000000000000000000000010100000
00000000000000000000000010101010
00000000000000000000000010110100
00000000000000000000000010111110
00000000000000000000000011001000
00000000000000000000000011010010
00000000000000000000000011011100
00000000000000000000000011100110
00000000000000000000000011110000
00000000000000000000000011111010
00000000000000000000000100000100
00000000000000000000000100001110
00000000000000000000000100011000
00000000000000000000000100100010
00000000000000000000000100101100
00000000000000000000000100110110
00000000000000000000000101000000
00000000000000000000000101001010
00000000000000000000000101010100
00000000000000000000000101011110
00000000000000000000000101101000
00000000000000000000000101110010
00000000000000000000000101111100
00000000000000000000000110000110
00000000000000000000000110010000
00000000000000000000000110100100
00000000000000000000000110011010
00000000000000000000000110111000
00000000000000000000000110101110
00000000000000000000000111000010
00000000000000000000000111001100
00000000000000000000000111010110
00000000000000000000000111100000
00000000000000000000000111101010
00000000000000000000000111110100
00000000000000000000000111111110
00000000000000000000001000001000
00000000000000000000001000010010
00000000000000000000001000011100
00000000000000000000001000100110
00000000000000000000001000110000