01000000000100010000000110110011
00000000000100010000001000110011
00000000000100010001001010110011
00000000000100010101001100110011
01000000000100010101001110110011
00000000000100010100010000110011
00000000000100010110010010110011
00000000000100010111010100110011
00000000000100010010010110110011
00000000000100010011011000110011
00000000000100010000010110010011
00000000000100010001011000010011
00000000000100010101011010010011
01000000000100010101011100010011
00000000001000010100011110010011
00000000001100010110100000010011
00000000010000010111100010010011
00000011001000010000100100000011
00000011110000010010100110000011
00000100011000010001101000000011
00000101000000010100101010000011
00000101101000010101101100000011
00000110010000010010100100000011
00000110000100010000111000100011
00001110011100010001110010100011
00001001111100010010100110100011
00000000000101000000001011100011
00011110000100010001010101100011
00101000000100010100011111100011
00110010000100010101101001100011
00111100000100010110110011100011
01000110000100010111111101100011
00000000001100100001101110110111
00000000000001100100010100010111
00000000000001100100001011101111
00000011111100010000001111100111
